-0.609600 0.635000
-0.609600 0.630000
-0.609600 0.625000
-0.609600 0.620000
-0.609600 0.615000
-0.609600 0.610000
-0.609600 0.605000
-0.609600 0.600000
-0.609600 0.595000
-0.609600 0.590000
-0.609600 0.585000
-0.609600 0.580000
-0.609600 0.575000
-0.609600 0.570000
-0.609600 0.565000
-0.609600 0.560000
-0.609600 0.555000
-0.609600 0.550000
-0.609600 0.545000
-0.609600 0.540000
-0.609600 0.535000
-0.609600 0.530000
-0.609600 0.525000
-0.609600 0.520000
-0.609600 0.515000
-0.609600 0.510000
-0.609600 0.505000
-0.609600 0.500000
-0.609600 0.495000
-0.609600 0.490000
-0.609600 0.485000
-0.609600 0.480000
-0.609600 0.475000
-0.609600 0.470000
-0.609600 0.465000
-0.609600 0.460000
-0.609600 0.455000
-0.609600 0.450000
-0.609600 0.445000
-0.609600 0.440000
-0.609600 0.435000
-0.609600 0.430000
-0.609600 0.425000
0.203200 0.635000
0.198200 0.635000
0.193200 0.635000
0.188200 0.635000
0.183200 0.635000
0.178200 0.635000
0.173200 0.635000
0.168200 0.635000
0.163200 0.635000
0.158200 0.635000
0.153200 0.635000
0.148200 0.635000
0.143200 0.635000
0.138200 0.635000
0.133200 0.635000
0.128200 0.635000
0.123200 0.635000
0.118200 0.635000
0.113200 0.635000
0.108200 0.635000
0.103200 0.635000
0.098200 0.635000
0.093200 0.635000
0.088200 0.635000
0.083200 0.635000
0.078200 0.635000
0.073200 0.635000
0.068200 0.635000
0.063200 0.635000
0.058200 0.635000
0.053200 0.635000
0.048200 0.635000
0.043200 0.635000
0.038200 0.635000
0.033200 0.635000
0.028200 0.635000
0.023200 0.635000
0.018200 0.635000
0.013200 0.635000
0.008200 0.635000
0.003200 0.635000
-0.001800 0.635000
-0.006800 0.635000
-0.011800 0.635000
-0.016800 0.635000
-0.021800 0.635000
-0.026800 0.635000
-0.031800 0.635000
-0.036800 0.635000
-0.041800 0.635000
-0.046800 0.635000
-0.051800 0.635000
-0.056800 0.635000
-0.061800 0.635000
-0.066800 0.635000
-0.071800 0.635000
-0.076800 0.635000
-0.081800 0.635000
-0.086800 0.635000
-0.091800 0.635000
-0.096800 0.635000
-0.101800 0.635000
-0.106800 0.635000
-0.111800 0.635000
-0.116800 0.635000
-0.121800 0.635000
-0.126800 0.635000
-0.131800 0.635000
-0.136800 0.635000
-0.141800 0.635000
-0.146800 0.635000
-0.151800 0.635000
-0.156800 0.635000
-0.161800 0.635000
-0.166800 0.635000
-0.171800 0.635000
-0.176800 0.635000
-0.181800 0.635000
-0.186800 0.635000
-0.191800 0.635000
-0.196800 0.635000
-0.201800 0.635000
-0.206800 0.635000
-0.211800 0.635000
-0.216800 0.635000
-0.221800 0.635000
-0.226800 0.635000
-0.231800 0.635000
-0.236800 0.635000
-0.241800 0.635000
-0.246800 0.635000
-0.251800 0.635000
-0.256800 0.635000
-0.261800 0.635000
-0.266800 0.635000
-0.271800 0.635000
-0.276800 0.635000
-0.281800 0.635000
-0.286800 0.635000
-0.291800 0.635000
-0.296800 0.635000
-0.301800 0.635000
-0.306800 0.635000
-0.311800 0.635000
-0.316800 0.635000
-0.321800 0.635000
-0.326800 0.635000
-0.331800 0.635000
-0.336800 0.635000
-0.341800 0.635000
-0.346800 0.635000
-0.351800 0.635000
-0.356800 0.635000
-0.361800 0.635000
-0.366800 0.635000
-0.371800 0.635000
-0.376800 0.635000
-0.381800 0.635000
-0.386800 0.635000
-0.391800 0.635000
-0.396800 0.635000
-0.401800 0.635000
-0.406800 0.635000
-0.411800 0.635000
-0.416800 0.635000
-0.421800 0.635000
-0.426800 0.635000
-0.431800 0.635000
-0.436800 0.635000
-0.441800 0.635000
-0.446800 0.635000
-0.451800 0.635000
-0.456800 0.635000
-0.461800 0.635000
-0.466800 0.635000
-0.471800 0.635000
-0.476800 0.635000
-0.481800 0.635000
-0.486800 0.635000
-0.491800 0.635000
-0.496800 0.635000
-0.501800 0.635000
-0.506800 0.635000
-0.511800 0.635000
-0.516800 0.635000
-0.521800 0.635000
-0.526800 0.635000
-0.531800 0.635000
-0.536800 0.635000
-0.541800 0.635000
-0.546800 0.635000
-0.551800 0.635000
-0.556800 0.635000
-0.561800 0.635000
-0.566800 0.635000
-0.571800 0.635000
-0.576800 0.635000
-0.581800 0.635000
-0.586800 0.635000
-0.591800 0.635000
-0.596800 0.635000
-0.601800 0.635000
0.203200 0.419100
0.203200 0.424100
0.203200 0.429100
0.203200 0.434100
0.203200 0.439100
0.203200 0.444100
0.203200 0.449100
0.203200 0.454100
0.203200 0.459100
0.203200 0.464100
0.203200 0.469100
0.203200 0.474100
0.203200 0.479100
0.203200 0.484100
0.203200 0.489100
0.203200 0.494100
0.203200 0.499100
0.203200 0.504100
0.203200 0.509100
0.203200 0.514100
0.203200 0.519100
0.203200 0.524100
0.203200 0.529100
0.203200 0.534100
0.203200 0.539100
0.203200 0.544100
0.203200 0.549100
0.203200 0.554100
0.203200 0.559100
0.203200 0.564100
0.203200 0.569100
0.203200 0.574100
0.203200 0.579100
0.203200 0.584100
0.203200 0.589100
0.203200 0.594100
0.203200 0.599100
0.203200 0.604100
0.203200 0.609100
0.203200 0.614100
0.203200 0.619100
0.203200 0.624100
0.203200 0.629100
-0.609600 0.419100
-0.604600 0.419100
-0.599600 0.419100
-0.594600 0.419100
-0.589600 0.419100
-0.584600 0.419100
-0.579600 0.419100
-0.574600 0.419100
-0.569600 0.419100
-0.564600 0.419100
-0.559600 0.419100
-0.554600 0.419100
-0.549600 0.419100
-0.544600 0.419100
-0.539600 0.419100
-0.534600 0.419100
-0.529600 0.419100
-0.524600 0.419100
-0.519600 0.419100
-0.514600 0.419100
-0.509600 0.419100
-0.504600 0.419100
-0.499600 0.419100
-0.494600 0.419100
-0.489600 0.419100
-0.484600 0.419100
-0.479600 0.419100
-0.474600 0.419100
-0.469600 0.419100
-0.464600 0.419100
-0.459600 0.419100
-0.454600 0.419100
-0.449600 0.419100
-0.444600 0.419100
-0.439600 0.419100
-0.434600 0.419100
-0.429600 0.419100
-0.424600 0.419100
-0.419600 0.419100
-0.414600 0.419100
-0.409600 0.419100
-0.404600 0.419100
-0.399600 0.419100
-0.394600 0.419100
-0.389600 0.419100
-0.384600 0.419100
-0.379600 0.419100
-0.374600 0.419100
-0.369600 0.419100
-0.364600 0.419100
-0.359600 0.419100
-0.354600 0.419100
-0.349600 0.419100
-0.344600 0.419100
-0.339600 0.419100
-0.334600 0.419100
-0.329600 0.419100
-0.324600 0.419100
-0.319600 0.419100
-0.314600 0.419100
-0.309600 0.419100
-0.304600 0.419100
-0.299600 0.419100
-0.294600 0.419100
-0.289600 0.419100
-0.284600 0.419100
-0.279600 0.419100
-0.274600 0.419100
-0.269600 0.419100
-0.264600 0.419100
-0.259600 0.419100
-0.254600 0.419100
-0.249600 0.419100
-0.244600 0.419100
-0.239600 0.419100
-0.234600 0.419100
-0.229600 0.419100
-0.224600 0.419100
-0.219600 0.419100
-0.214600 0.419100
-0.209600 0.419100
-0.204600 0.419100
-0.199600 0.419100
-0.194600 0.419100
-0.189600 0.419100
-0.184600 0.419100
-0.179600 0.419100
-0.174600 0.419100
-0.169600 0.419100
-0.164600 0.419100
-0.159600 0.419100
-0.154600 0.419100
-0.149600 0.419100
-0.144600 0.419100
-0.139600 0.419100
-0.134600 0.419100
-0.129600 0.419100
-0.124600 0.419100
-0.119600 0.419100
-0.114600 0.419100
-0.109600 0.419100
-0.104600 0.419100
-0.099600 0.419100
-0.094600 0.419100
-0.089600 0.419100
-0.084600 0.419100
-0.079600 0.419100
-0.074600 0.419100
-0.069600 0.419100
-0.064600 0.419100
-0.059600 0.419100
-0.054600 0.419100
-0.049600 0.419100
-0.044600 0.419100
-0.039600 0.419100
-0.034600 0.419100
-0.029600 0.419100
-0.024600 0.419100
-0.019600 0.419100
-0.014600 0.419100
-0.009600 0.419100
-0.004600 0.419100
0.000400 0.419100
0.005400 0.419100
0.010400 0.419100
0.015400 0.419100
0.020400 0.419100
0.025400 0.419100
0.030400 0.419100
0.035400 0.419100
0.040400 0.419100
0.045400 0.419100
0.050400 0.419100
0.055400 0.419100
0.060400 0.419100
0.065400 0.419100
0.070400 0.419100
0.075400 0.419100
0.080400 0.419100
0.085400 0.419100
0.090400 0.419100
0.095400 0.419100
0.100400 0.419100
0.105400 0.419100
0.110400 0.419100
0.115400 0.419100
0.120400 0.419100
0.125400 0.419100
0.130400 0.419100
0.135400 0.419100
0.140400 0.419100
0.145400 0.419100
0.150400 0.419100
0.155400 0.419100
0.160400 0.419100
0.165400 0.419100
0.170400 0.419100
0.175400 0.419100
0.180400 0.419100
0.185400 0.419100
0.190400 0.419100
0.195400 0.419100
-0.609600 1.219200
-0.609600 1.214200
-0.609600 1.209200
-0.609600 1.204200
-0.609600 1.199200
-0.609600 1.194200
-0.609600 1.189200
-0.609600 1.184200
-0.609600 1.179200
-0.609600 1.174200
-0.609600 1.169200
-0.609600 1.164200
-0.609600 1.159200
-0.609600 1.154200
-0.609600 1.149200
-0.609600 1.144200
-0.609600 1.139200
-0.609600 1.134200
-0.609600 1.129200
-0.609600 1.124200
-0.609600 1.119200
-0.609600 1.114200
-0.609600 1.109200
-0.609600 1.104200
-0.609600 1.099200
-0.609600 1.094200
-0.609600 1.089200
-0.609600 1.084200
-0.609600 1.079200
-0.609600 1.074200
-0.609600 1.069200
-0.609600 1.064200
-0.609600 1.059200
-0.609600 1.054200
-0.609600 1.049200
-0.609600 1.044200
-0.609600 1.039200
-0.609600 1.034200
-0.609600 1.029200
-0.609600 1.024200
-0.609600 1.019200
-0.609600 1.014200
-0.609600 1.009200
-0.609600 1.004200
-0.609600 0.999200
-0.609600 0.994200
-0.609600 0.989200
-0.609600 0.984200
-0.609600 0.979200
-0.609600 0.974200
-0.609600 0.969200
-0.609600 0.964200
-0.609600 0.959200
-0.609600 0.954200
-0.609600 0.949200
-0.609600 0.944200
-0.609600 0.939200
-0.609600 0.934200
-0.609600 0.929200
-0.609600 0.924200
-0.609600 0.919200
-0.609600 0.914200
-0.609600 0.909200
-0.609600 0.904200
-0.609600 0.899200
-0.609600 0.894200
-0.609600 0.889200
-0.609600 0.884200
-0.609600 0.879200
-0.609600 0.874200
-0.609600 0.869200
-0.609600 0.864200
-0.609600 0.859200
-0.609600 0.854200
-0.609600 0.849200
-0.609600 0.844200
-0.609600 0.839200
-0.609600 0.834200
-0.609600 0.829200
-0.609600 0.824200
-0.609600 0.819200
-0.609600 0.814200
-0.609600 0.809200
-0.609600 0.804200
-0.609600 0.799200
-0.609600 0.794200
-0.609600 0.789200
-0.609600 0.784200
-0.609600 0.779200
-0.609600 0.774200
-0.609600 0.769200
-0.609600 0.764200
-0.609600 0.759200
-0.609600 0.754200
-0.609600 0.749200
-0.609600 0.744200
-0.609600 0.739200
-0.609600 0.734200
-0.609600 0.729200
-0.609600 0.724200
-0.609600 0.719200
-0.609600 0.714200
-0.609600 0.709200
-0.609600 0.704200
-0.609600 0.699200
-0.609600 0.694200
-0.609600 0.689200
-0.609600 0.684200
-0.609600 0.679200
-0.609600 0.674200
-0.609600 0.669200
-0.609600 0.664200
-0.609600 0.659200
-0.609600 0.654200
-0.609600 0.649200
-0.609600 0.644200
-0.609600 0.639200
-0.609600 0.634200
-0.609600 0.629200
-0.609600 0.624200
-0.609600 0.619200
-0.609600 0.614200
-0.609600 0.609200
-0.609600 0.604200
-0.609600 0.599200
-0.609600 0.594200
-0.609600 0.589200
-0.609600 0.584200
-0.609600 0.579200
-0.609600 0.574200
-0.609600 0.569200
-0.609600 0.564200
-0.609600 0.559200
-0.609600 0.554200
-0.609600 0.549200
-0.609600 0.544200
-0.609600 0.539200
-0.609600 0.534200
-0.609600 0.529200
-0.609600 0.524200
-0.609600 0.519200
-0.609600 0.514200
-0.609600 0.509200
-0.609600 0.504200
-0.609600 0.499200
-0.609600 0.494200
-0.609600 0.489200
-0.609600 0.484200
-0.609600 0.479200
-0.609600 0.474200
-0.609600 0.469200
-0.609600 0.464200
-0.609600 0.459200
-0.609600 0.454200
-0.609600 0.449200
-0.609600 0.444200
-0.609600 0.439200
-0.609600 0.434200
-0.609600 0.429200
-0.609600 0.424200
-0.609600 2.133600
-0.609600 2.128600
-0.609600 2.123600
-0.609600 2.118600
-0.609600 2.113600
-0.609600 2.108600
-0.609600 2.103600
-0.609600 2.098600
-0.609600 2.093600
-0.609600 2.088600
-0.609600 2.083600
-0.609600 2.078600
-0.609600 2.073600
-0.609600 2.068600
-0.609600 2.063600
-0.609600 2.058600
-0.609600 2.053600
-0.609600 2.048600
-0.609600 2.043600
-0.609600 2.038600
-0.609600 2.033600
-0.609600 2.028600
-0.609600 2.023600
-0.609600 2.018600
-0.609600 2.013600
-0.609600 2.008600
-0.609600 2.003600
-0.609600 1.998600
-0.609600 1.993600
-0.609600 1.988600
-0.609600 1.983600
-0.609600 1.978600
-0.609600 1.973600
-0.609600 1.968600
-0.609600 1.963600
-0.609600 1.958600
-0.609600 1.953600
-0.609600 1.948600
-0.609600 1.943600
-0.609600 1.938600
-0.609600 1.933600
-0.609600 1.928600
-0.609600 1.923600
-0.609600 1.918600
-0.609600 1.913600
-0.609600 1.908600
-0.609600 1.903600
-0.609600 1.898600
-0.609600 1.893600
-0.609600 1.888600
-0.609600 1.883600
-0.609600 1.878600
-0.609600 1.873600
-0.609600 1.868600
-0.609600 1.863600
-0.609600 1.858600
-0.609600 1.853600
-0.609600 1.848600
-0.609600 1.843600
-0.609600 1.838600
-0.609600 1.833600
-0.609600 1.828600
-0.609600 1.823600
-0.609600 1.818600
-0.609600 1.813600
-0.609600 1.808600
-0.609600 1.803600
-0.609600 1.798600
-0.609600 1.793600
-0.609600 1.788600
-0.609600 1.783600
-0.609600 1.778600
-0.609600 1.773600
-0.609600 1.768600
-0.609600 1.763600
-0.609600 1.758600
-0.609600 1.753600
-0.609600 1.748600
-0.609600 1.743600
-0.609600 1.738600
-0.609600 1.733600
-0.609600 1.728600
-0.609600 1.723600
-0.609600 1.718600
-0.609600 1.713600
-0.609600 1.708600
-0.609600 1.703600
-0.609600 1.698600
-0.609600 1.693600
-0.609600 1.688600
-0.609600 1.683600
-0.609600 1.678600
-0.609600 1.673600
-0.609600 1.668600
-0.609600 1.663600
-0.609600 1.658600
-0.609600 1.653600
-0.609600 1.648600
-0.609600 1.643600
-0.609600 1.638600
-0.609600 1.633600
-0.609600 1.628600
-0.609600 1.623600
-0.609600 1.618600
-0.609600 1.613600
-0.609600 1.608600
-0.609600 1.603600
-0.609600 1.598600
-0.609600 1.593600
-0.609600 1.588600
-0.609600 1.583600
-0.609600 1.578600
-0.609600 1.573600
-0.609600 1.568600
-0.609600 1.563600
-0.609600 1.558600
-0.609600 1.553600
-0.609600 1.548600
-0.609600 1.543600
-0.609600 1.538600
-0.609600 1.533600
-0.609600 1.528600
-0.609600 1.523600
-0.609600 1.518600
-0.609600 1.513600
-0.609600 1.508600
-0.609600 1.503600
-0.609600 1.498600
-0.609600 1.493600
-0.609600 1.488600
-0.609600 1.483600
-0.609600 1.478600
-0.609600 1.473600
-0.609600 1.468600
-0.609600 1.463600
-0.609600 1.458600
-0.609600 1.453600
-0.609600 1.448600
-0.609600 1.443600
-0.609600 1.438600
-0.609600 1.433600
-0.609600 1.428600
-0.609600 1.423600
-0.609600 1.418600
-0.609600 1.413600
-0.609600 1.408600
-0.609600 1.403600
-0.609600 1.398600
-0.609600 1.393600
-0.609600 1.388600
-0.609600 1.383600
-0.609600 1.378600
-0.609600 1.373600
-0.609600 1.368600
-0.609600 1.363600
-0.609600 1.358600
-0.609600 1.353600
-0.609600 1.348600
-0.609600 1.343600
-0.609600 1.338600
-0.609600 1.333600
-0.609600 1.328600
-0.609600 1.323600
-0.609600 1.318600
-0.609600 1.313600
-0.609600 1.308600
-0.609600 1.303600
-0.609600 1.298600
-0.609600 1.293600
-0.609600 1.288600
-0.609600 1.283600
-0.609600 1.278600
-0.609600 1.273600
-0.609600 1.268600
-0.609600 1.263600
-0.609600 1.258600
-0.609600 1.253600
-0.609600 1.248600
-0.609600 1.243600
-0.609600 1.238600
-0.609600 1.233600
-0.609600 1.228600
0.025400 1.892300
0.020726 1.894076
0.016052 1.895852
0.011378 1.897628
0.006704 1.899404
0.002030 1.901181
-0.002644 1.902956
-0.007317 1.904733
-0.011991 1.906509
-0.016665 1.908285
-0.021339 1.910061
-0.026013 1.911837
-0.030687 1.913613
-0.035361 1.915389
-0.040035 1.917165
-0.044709 1.918941
-0.049383 1.920717
-0.054057 1.922494
-0.058731 1.924270
-0.063404 1.926046
-0.068078 1.927822
-0.072752 1.929598
-0.077426 1.931374
-0.082100 1.933150
-0.086774 1.934926
-0.091448 1.936702
-0.096122 1.938478
-0.100796 1.940254
-0.105470 1.942031
-0.110144 1.943807
-0.114818 1.945583
-0.119491 1.947359
-0.124165 1.949135
-0.128839 1.950911
-0.133513 1.952687
-0.138187 1.954463
-0.142861 1.956239
-0.147535 1.958015
-0.152209 1.959791
-0.156883 1.961568
-0.161557 1.963344
-0.166231 1.965120
-0.170905 1.966896
-0.175578 1.968672
-0.180252 1.970448
-0.184926 1.972224
-0.189600 1.974000
-0.194274 1.975776
-0.198948 1.977552
-0.203622 1.979328
-0.208296 1.981104
-0.212970 1.982881
-0.217644 1.984657
-0.222318 1.986433
-0.226992 1.988209
-0.231665 1.989985
-0.236339 1.991761
-0.241013 1.993537
-0.245687 1.995313
-0.250361 1.997089
-0.255035 1.998865
-0.259709 2.000641
-0.264383 2.002418
-0.269057 2.004194
-0.273731 2.005970
-0.278405 2.007746
-0.283079 2.009522
-0.287753 2.011298
-0.292426 2.013074
-0.297100 2.014850
-0.301774 2.016626
-0.306448 2.018402
-0.311122 2.020178
-0.315796 2.021955
-0.320470 2.023731
-0.325144 2.025507
-0.329818 2.027283
-0.334492 2.029059
-0.339166 2.030835
-0.343840 2.032611
-0.348513 2.034387
-0.353187 2.036163
-0.357861 2.037939
-0.362535 2.039715
-0.367209 2.041492
-0.371883 2.043267
-0.376557 2.045044
-0.381231 2.046820
-0.385905 2.048596
-0.390579 2.050372
-0.395253 2.052148
-0.399927 2.053924
-0.404600 2.055700
-0.409274 2.057476
-0.413948 2.059252
-0.418622 2.061028
-0.423296 2.062804
-0.427970 2.064581
-0.432644 2.066357
-0.437318 2.068133
-0.441992 2.069909
-0.446666 2.071685
-0.451340 2.073461
-0.456014 2.075237
-0.460687 2.077013
-0.465361 2.078789
-0.470035 2.080565
-0.474709 2.082341
-0.479383 2.084118
-0.484057 2.085894
-0.488731 2.087670
-0.493405 2.089446
-0.498079 2.091222
-0.502753 2.092998
-0.507427 2.094774
-0.512101 2.096550
-0.516774 2.098326
-0.521448 2.100102
-0.526122 2.101878
-0.530796 2.103655
-0.535470 2.105431
-0.540144 2.107207
-0.544818 2.108983
-0.549492 2.110759
-0.554166 2.112535
-0.558840 2.114311
-0.563514 2.116087
-0.568188 2.117863
-0.572861 2.119639
-0.577535 2.121415
-0.582209 2.123192
-0.586883 2.124968
-0.591557 2.126744
-0.596231 2.128520
-0.600905 2.130296
-0.609600 0.419100
-0.607621 0.423692
-0.605642 0.428283
-0.603663 0.432875
-0.601683 0.437466
-0.599704 0.442058
-0.597725 0.446650
-0.595746 0.451241
-0.593767 0.455833
-0.591788 0.460425
-0.589809 0.465016
-0.587829 0.469608
-0.585850 0.474199
-0.583871 0.478791
-0.581892 0.483383
-0.579913 0.487974
-0.577934 0.492566
-0.575954 0.497158
-0.573975 0.501749
-0.571996 0.506341
-0.570017 0.510932
-0.568038 0.515524
-0.566059 0.520116
-0.564080 0.524707
-0.562100 0.529299
-0.560121 0.533890
-0.558142 0.538482
-0.556163 0.543074
-0.554184 0.547665
-0.552205 0.552257
-0.550226 0.556849
-0.548246 0.561440
-0.546267 0.566032
-0.544288 0.570623
-0.542309 0.575215
-0.540330 0.579807
-0.538351 0.584398
-0.536372 0.588990
-0.534392 0.593582
-0.532413 0.598173
-0.530434 0.602765
-0.528455 0.607356
-0.526476 0.611948
-0.524497 0.616540
-0.522518 0.621131
-0.520538 0.625723
-0.518559 0.630315
-0.516580 0.634906
-0.514601 0.639498
-0.512622 0.644089
-0.510643 0.648681
-0.508664 0.653273
-0.506684 0.657864
-0.504705 0.662456
-0.502726 0.667048
-0.500747 0.671639
-0.498768 0.676231
-0.496789 0.680822
-0.494810 0.685414
-0.492830 0.690006
-0.490851 0.694597
-0.488872 0.699189
-0.486893 0.703780
-0.484914 0.708372
-0.482935 0.712964
-0.480955 0.717555
-0.478976 0.722147
-0.476997 0.726739
-0.475018 0.731330
-0.473039 0.735922
-0.471060 0.740513
-0.469081 0.745105
-0.467101 0.749697
-0.465122 0.754288
-0.463143 0.758880
-0.461164 0.763472
-0.459185 0.768063
-0.457206 0.772655
-0.455227 0.777246
-0.453247 0.781838
-0.451268 0.786430
-0.449289 0.791021
-0.447310 0.795613
-0.445331 0.800204
-0.443352 0.804796
-0.441373 0.809388
-0.439393 0.813979
-0.437414 0.818571
-0.435435 0.823163
-0.433456 0.827754
-0.431477 0.832346
-0.429498 0.836937
-0.427519 0.841529
-0.425539 0.846121
-0.423560 0.850712
-0.421581 0.855304
-0.419602 0.859896
-0.417623 0.864487
-0.415644 0.869079
-0.413664 0.873670
-0.411685 0.878262
-0.409706 0.882854
-0.407727 0.887445
-0.405748 0.892037
-0.403769 0.896628
-0.401790 0.901220
-0.399810 0.905812
-0.397831 0.910403
-0.395852 0.914995
-0.393873 0.919587
-0.391894 0.924178
-0.389915 0.928770
-0.387936 0.933361
-0.385956 0.937953
-0.383977 0.942545
-0.381998 0.947136
-0.380019 0.951728
-0.378040 0.956320
-0.376061 0.960911
-0.374082 0.965503
-0.372102 0.970094
-0.370123 0.974686
-0.368144 0.979278
-0.366165 0.983869
-0.364186 0.988461
-0.362207 0.993053
-0.360228 0.997644
-0.358248 1.002236
-0.356269 1.006827
-0.354290 1.011419
-0.352311 1.016011
-0.350332 1.020602
-0.348353 1.025194
-0.346373 1.029786
-0.344394 1.034377
-0.342415 1.038969
-0.340436 1.043560
-0.338457 1.048152
-0.336478 1.052744
-0.334499 1.057335
-0.332519 1.061927
-0.330540 1.066518
-0.328561 1.071110
-0.326582 1.075702
-0.324603 1.080293
-0.322624 1.084885
-0.320645 1.089477
-0.318665 1.094068
-0.316686 1.098660
-0.314707 1.103251
-0.312728 1.107843
-0.310749 1.112435
-0.308770 1.117026
-0.306791 1.121618
-0.304811 1.126209
-0.302832 1.130801
-0.300853 1.135393
-0.298874 1.139984
-0.296895 1.144576
-0.294916 1.149168
-0.292937 1.153759
-0.290957 1.158351
-0.288978 1.162943
-0.286999 1.167534
-0.285020 1.172126
-0.283041 1.176717
-0.281062 1.181309
-0.279083 1.185901
-0.277103 1.190492
-0.275124 1.195084
-0.273145 1.199675
-0.271166 1.204267
-0.269187 1.208859
-0.267208 1.213450
-0.265228 1.218042
-0.263249 1.222634
-0.261270 1.227225
-0.259291 1.231817
-0.257312 1.236408
-0.255333 1.241000
-0.253354 1.245592
-0.251374 1.250183
-0.249395 1.254775
-0.247416 1.259367
-0.245437 1.263958
-0.243458 1.268550
-0.241479 1.273141
-0.239500 1.277733
-0.237520 1.282325
-0.235541 1.286916
-0.233562 1.291508
-0.231583 1.296100
-0.229604 1.300691
-0.227625 1.305283
-0.225646 1.309874
-0.223666 1.314466
-0.221687 1.319058
-0.219708 1.323649
-0.217729 1.328241
-0.215750 1.332832
-0.213771 1.337424
-0.211792 1.342016
-0.209812 1.346607
-0.207833 1.351199
-0.205854 1.355790
-0.203875 1.360382
-0.201896 1.364974
-0.199917 1.369565
-0.197937 1.374157
-0.195958 1.378749
-0.193979 1.383340
-0.192000 1.387932
-0.190021 1.392524
-0.188042 1.397115
-0.186063 1.401707
-0.184083 1.406298
-0.182104 1.410890
-0.180125 1.415482
-0.178146 1.420073
-0.176167 1.424665
-0.174188 1.429256
-0.172209 1.433848
-0.170229 1.438440
-0.168250 1.443031
-0.166271 1.447623
-0.164292 1.452215
-0.162313 1.456806
-0.160334 1.461398
-0.158355 1.465989
-0.156375 1.470581
-0.154396 1.475173
-0.152417 1.479764
-0.150438 1.484356
-0.148459 1.488948
-0.146480 1.493539
-0.144501 1.498131
-0.142521 1.502722
-0.140542 1.507314
-0.138563 1.511906
-0.136584 1.516497
-0.134605 1.521089
-0.132626 1.525681
-0.130646 1.530272
-0.128667 1.534864
-0.126688 1.539455
-0.124709 1.544047
-0.122730 1.548639
-0.120751 1.553230
-0.118772 1.557822
-0.116792 1.562413
-0.114813 1.567005
-0.112834 1.571597
-0.110855 1.576188
-0.108876 1.580780
-0.106897 1.585372
-0.104918 1.589963
-0.102938 1.594555
-0.100959 1.599146
-0.098980 1.603738
-0.097001 1.608330
-0.095022 1.612921
-0.093043 1.617513
-0.091064 1.622105
-0.089084 1.626696
-0.087105 1.631288
-0.085126 1.635879
-0.083147 1.640471
-0.081168 1.645063
-0.079189 1.649654
-0.077210 1.654246
-0.075230 1.658838
-0.073251 1.663429
-0.071272 1.668021
-0.069293 1.672612
-0.067314 1.677204
-0.065335 1.681796
-0.063356 1.686387
-0.061376 1.690979
-0.059397 1.695570
-0.057418 1.700162
-0.055439 1.704754
-0.053460 1.709345
-0.051481 1.713937
-0.049501 1.718529
-0.047522 1.723120
-0.045543 1.727712
-0.043564 1.732303
-0.041585 1.736895
-0.039606 1.741487
-0.037627 1.746078
-0.035647 1.750670
-0.033668 1.755262
-0.031689 1.759853
-0.029710 1.764445
-0.027731 1.769036
-0.025752 1.773628
-0.023773 1.778220
-0.021793 1.782811
-0.019814 1.787403
-0.017835 1.791994
-0.015856 1.796586
-0.013877 1.801178
-0.011898 1.805769
-0.009919 1.810361
-0.007939 1.814953
-0.005960 1.819544
-0.003981 1.824136
-0.002002 1.828727
-0.000023 1.833319
0.001956 1.837911
0.003935 1.842502
0.005915 1.847094
0.007894 1.851686
0.009873 1.856277
0.011852 1.860869
0.013831 1.865460
0.015810 1.870052
0.017790 1.874644
0.019769 1.879235
0.021748 1.883827
1.447800 1.435100
1.443123 1.433333
1.438445 1.431566
1.433768 1.429799
1.429091 1.428032
1.424413 1.426265
1.419736 1.424498
1.415058 1.422731
1.410381 1.420964
1.405704 1.419197
1.401026 1.417430
1.396349 1.415663
1.391672 1.413896
1.386994 1.412129
1.382317 1.410362
1.377640 1.408595
1.372962 1.406828
1.368285 1.405061
1.363608 1.403294
1.358930 1.401527
1.354253 1.399760
1.349576 1.397993
1.344898 1.396226
1.340221 1.394459
1.335543 1.392692
1.330866 1.390925
1.326189 1.389158
1.321511 1.387391
1.316834 1.385624
1.312157 1.383857
1.307479 1.382090
1.302802 1.380323
1.298125 1.378556
1.293447 1.376789
1.288770 1.375022
1.284092 1.373255
1.279415 1.371488
1.274738 1.369721
1.270060 1.367954
1.265383 1.366187
1.260706 1.364420
1.256028 1.362653
1.251351 1.360886
1.246674 1.359119
1.241996 1.357352
1.237319 1.355585
1.232641 1.353818
1.227964 1.352051
1.223287 1.350284
1.218609 1.348517
1.213932 1.346750
1.209255 1.344983
1.204577 1.343216
1.199900 1.341449
1.195223 1.339682
1.190545 1.337915
1.185868 1.336148
1.181190 1.334381
1.176513 1.332614
1.171836 1.330847
1.167158 1.329080
1.162481 1.327313
1.157804 1.325546
1.153126 1.323779
1.148449 1.322012
1.143772 1.320245
1.139094 1.318478
1.134417 1.316711
1.129740 1.314944
1.125062 1.313177
1.120385 1.311410
1.115707 1.309643
1.111030 1.307876
1.106353 1.306109
1.101675 1.304342
1.096998 1.302575
1.092321 1.300808
1.087643 1.299041
1.082966 1.297274
1.078289 1.295507
1.073611 1.293740
1.068934 1.291973
1.064256 1.290206
1.059579 1.288439
1.054902 1.286672
1.050224 1.284905
1.045547 1.283138
1.040870 1.281371
1.036192 1.279604
1.031515 1.277837
1.026838 1.276070
1.022160 1.274303
1.017483 1.272536
1.012805 1.270769
1.008128 1.269002
1.003451 1.267235
0.998773 1.265468
0.994096 1.263701
0.989419 1.261934
0.984741 1.260167
0.980064 1.258400
0.975387 1.256633
0.970709 1.254866
0.966032 1.253099
0.961355 1.251332
0.956677 1.249565
0.952000 1.247798
0.947322 1.246031
0.942645 1.244264
0.937968 1.242497
0.933290 1.240730
0.928613 1.238963
0.923936 1.237196
0.919258 1.235429
0.914581 1.233662
0.909904 1.231895
0.905226 1.230128
0.900549 1.228361
0.895871 1.226594
0.891194 1.224827
0.886517 1.223060
0.881839 1.221293
1.485900 1.333500
1.484144 1.338182
1.482389 1.342863
1.480633 1.347545
1.478878 1.352227
1.477122 1.356908
1.475366 1.361590
1.473611 1.366271
1.471855 1.370953
1.470099 1.375635
1.468344 1.380316
1.466588 1.384998
1.464833 1.389680
1.463077 1.394361
1.461321 1.399043
1.459566 1.403725
1.457810 1.408406
1.456055 1.413088
1.454299 1.417770
1.452543 1.422451
1.450788 1.427133
0.914400 1.124000
0.919095 1.125721
0.923789 1.127442
0.928484 1.129163
0.933178 1.130884
0.937873 1.132604
0.942567 1.134325
0.947262 1.136046
0.951956 1.137767
0.956651 1.139488
0.961345 1.141209
0.966040 1.142930
0.970734 1.144651
0.975429 1.146372
0.980123 1.148093
0.984818 1.149814
0.989512 1.151535
0.994207 1.153255
0.998901 1.154976
1.003596 1.156697
1.008290 1.158418
1.012985 1.160139
1.017679 1.161860
1.022374 1.163581
1.027068 1.165302
1.031763 1.167023
1.036457 1.168744
1.041152 1.170465
1.045846 1.172185
1.050541 1.173906
1.055235 1.175627
1.059930 1.177348
1.064624 1.179069
1.069319 1.180790
1.074013 1.182511
1.078708 1.184232
1.083403 1.185953
1.088097 1.187674
1.092792 1.189395
1.097486 1.191115
1.102181 1.192836
1.106875 1.194557
1.111570 1.196278
1.116264 1.197999
1.120959 1.199720
1.125653 1.201441
1.130348 1.203162
1.135042 1.204883
1.139737 1.206604
1.144431 1.208325
1.149126 1.210046
1.153820 1.211766
1.158515 1.213487
1.163209 1.215208
1.167904 1.216929
1.172598 1.218650
1.177293 1.220371
1.181987 1.222092
1.186682 1.223813
1.191376 1.225534
1.196071 1.227255
1.200765 1.228976
1.205460 1.230696
1.210154 1.232417
1.214849 1.234138
1.219543 1.235859
1.224238 1.237580
1.228932 1.239301
1.233627 1.241022
1.238321 1.242743
1.243016 1.244464
1.247710 1.246185
1.252405 1.247906
1.257100 1.249627
1.261794 1.251347
1.266489 1.253068
1.271183 1.254789
1.275878 1.256510
1.280572 1.258231
1.285267 1.259952
1.289961 1.261673
1.294656 1.263394
1.299350 1.265115
1.304045 1.266836
1.308739 1.268556
1.313434 1.270277
1.318128 1.271998
1.322823 1.273719
1.327517 1.275440
1.332212 1.277161
1.336906 1.278882
1.341601 1.280603
1.346295 1.282324
1.350990 1.284045
1.355684 1.285766
1.360379 1.287487
1.365073 1.289207
1.369768 1.290928
1.374462 1.292649
1.379157 1.294370
1.383851 1.296091
1.388546 1.297812
1.393240 1.299533
1.397935 1.301254
1.402629 1.302975
1.407324 1.304696
1.412019 1.306417
1.416713 1.308138
1.421407 1.309858
1.426102 1.311579
1.430797 1.313300
1.435491 1.315021
1.440186 1.316742
1.444880 1.318463
1.449575 1.320184
1.454269 1.321905
1.458964 1.323626
1.463658 1.325347
1.468353 1.327067
1.473047 1.328788
1.477742 1.330509
0.876300 1.219200
0.878158 1.214558
0.880016 1.209916
0.881873 1.205274
0.883731 1.200632
0.885589 1.195990
0.887447 1.191348
0.889305 1.186706
0.891162 1.182064
0.893020 1.177422
0.894878 1.172780
0.896736 1.168138
0.898593 1.163495
0.900451 1.158853
0.902309 1.154211
0.904167 1.149569
0.906025 1.144927
0.907882 1.140285
0.909740 1.135643
0.911598 1.131001
1.066800 1.930400
1.064028 1.926239
1.061255 1.922078
1.058483 1.917917
1.055710 1.913756
1.052938 1.909595
1.050165 1.905434
1.047392 1.901274
1.044620 1.897113
1.041848 1.892952
1.039075 1.888791
1.036303 1.884630
1.033530 1.880469
1.030758 1.876308
1.027985 1.872147
1.025213 1.867986
1.022440 1.863825
1.019668 1.859664
1.016895 1.855503
1.014123 1.851343
1.011350 1.847182
1.008578 1.843021
1.498600 1.498600
1.495064 1.502136
1.491529 1.505671
1.487993 1.509207
1.484458 1.512742
1.480922 1.516278
1.477387 1.519813
1.473851 1.523349
1.470316 1.526884
1.466780 1.530420
1.463245 1.533955
1.459709 1.537491
1.456174 1.541026
1.452638 1.544562
1.449103 1.548097
1.445567 1.551633
1.442032 1.555169
1.438496 1.558704
1.434960 1.562240
1.431425 1.565775
1.427889 1.569311
1.424354 1.572846
1.420818 1.576382
1.417283 1.579917
1.413747 1.583453
1.410212 1.586988
1.406676 1.590524
1.403141 1.594059
1.399605 1.597595
1.396070 1.601130
1.392534 1.604666
1.388999 1.608202
1.385463 1.611737
1.381927 1.615273
1.378392 1.618808
1.374856 1.622344
1.371321 1.625879
1.367785 1.629415
1.364250 1.632950
1.360714 1.636486
1.357179 1.640021
1.353643 1.643557
1.350108 1.647092
1.346572 1.650628
1.343037 1.654163
1.339501 1.657699
1.335965 1.661235
1.332430 1.664770
1.328894 1.668306
1.325359 1.671841
1.321823 1.675377
1.318288 1.678912
1.314752 1.682448
1.311217 1.685983
1.307681 1.689519
1.304146 1.693054
1.300610 1.696590
1.297075 1.700125
1.293539 1.703661
1.290004 1.707196
1.286468 1.710732
1.282932 1.714268
1.279397 1.717803
1.275861 1.721339
1.272326 1.724874
1.268790 1.728410
1.265255 1.731945
1.261719 1.735481
1.258184 1.739016
1.254648 1.742552
1.251113 1.746087
1.247577 1.749623
1.244042 1.753158
1.240506 1.756694
1.236971 1.760229
1.233435 1.763765
1.229899 1.767301
1.226364 1.770836
1.222828 1.774372
1.219293 1.777907
1.215757 1.781443
1.212222 1.784978
1.208686 1.788514
1.205151 1.792049
1.201615 1.795585
1.198080 1.799120
1.194544 1.802656
1.191009 1.806191
1.187473 1.809727
1.183937 1.813263
1.180402 1.816798
1.176866 1.820334
1.173331 1.823869
1.169795 1.827405
1.166260 1.830940
1.162724 1.834476
1.159189 1.838011
1.155653 1.841547
1.152118 1.845082
1.148582 1.848618
1.145047 1.852153
1.141511 1.855689
1.137976 1.859224
1.134440 1.862760
1.130904 1.866296
1.127369 1.869831
1.123833 1.873367
1.120298 1.876902
1.116762 1.880438
1.113227 1.883973
1.109691 1.887509
1.106156 1.891044
1.102620 1.894580
1.099085 1.898115
1.095549 1.901651
1.092014 1.905186
1.088478 1.908722
1.084943 1.912257
1.081407 1.915793
1.077871 1.919329
1.074336 1.922864
1.070800 1.926400
1.447800 1.435100
1.450924 1.439004
1.454047 1.442909
1.457170 1.446813
1.460294 1.450717
1.463417 1.454622
1.466541 1.458526
1.469664 1.462430
1.472788 1.466335
1.475911 1.470239
1.479035 1.474143
1.482158 1.478048
1.485282 1.481952
1.488405 1.485856
1.491529 1.489761
1.494652 1.493665
1.003300 1.835100
1.007017 1.831756
1.010733 1.828411
1.014450 1.825066
1.018167 1.821722
1.021883 1.818377
1.025600 1.815032
1.029317 1.811688
1.033033 1.808343
1.036750 1.804999
1.040467 1.801654
1.044183 1.798310
1.047900 1.794965
1.051617 1.791620
1.055333 1.788276
1.059050 1.784931
1.062767 1.781587
1.066483 1.778242
1.070200 1.774897
1.073917 1.771553
1.077634 1.768208
1.081350 1.764864
1.085067 1.761519
1.088784 1.758174
1.092500 1.754830
1.096217 1.751485
1.099934 1.748141
1.103650 1.744796
1.107367 1.741452
1.111084 1.738107
1.114800 1.734762
1.118517 1.731418
1.122234 1.728073
1.125950 1.724728
1.129667 1.721384
1.133384 1.718039
1.137100 1.714695
1.140817 1.711350
1.144534 1.708006
1.148250 1.704661
1.151967 1.701316
1.155684 1.697972
1.159400 1.694627
1.163117 1.691283
1.166834 1.687938
1.170550 1.684593
1.174267 1.681249
1.177984 1.677904
1.181700 1.674560
1.185417 1.671215
1.189134 1.667870
1.192851 1.664526
1.196567 1.661181
1.200284 1.657837
1.204001 1.654492
1.207717 1.651147
1.211434 1.647803
1.215151 1.644458
1.218867 1.641114
1.222584 1.637769
1.226301 1.634424
1.230017 1.631080
1.233734 1.627735
1.237451 1.624391
1.241167 1.621046
1.244884 1.617702
1.248601 1.614357
1.252317 1.611012
1.256034 1.607668
1.259751 1.604323
1.263467 1.600979
1.267184 1.597634
1.270901 1.594289
1.274617 1.590945
1.278334 1.587600
1.282051 1.584256
1.285768 1.580911
1.289484 1.577566
1.293201 1.574222
1.296918 1.570877
1.300634 1.567533
1.304351 1.564188
1.308068 1.560843
1.311784 1.557499
1.315501 1.554154
1.319218 1.550810
1.322934 1.547465
1.326651 1.544120
1.330368 1.540776
1.334084 1.537431
1.337801 1.534087
1.341518 1.530742
1.345234 1.527398
1.348951 1.524053
1.352668 1.520708
1.356384 1.517364
1.360101 1.514019
1.363818 1.510675
1.367534 1.507330
1.371251 1.503985
1.374968 1.500641
1.378685 1.497296
1.382401 1.493952
1.386118 1.490607
1.389835 1.487262
1.393551 1.483918
1.397268 1.480573
1.400985 1.477229
1.404701 1.473884
1.408418 1.470539
1.412135 1.467195
1.415851 1.463850
1.419568 1.460506
1.423285 1.457161
1.427001 1.453817
1.430718 1.450472
1.434435 1.447127
1.438151 1.443783
1.441868 1.440438
0.927100 1.841500
0.925999 1.836623
0.924898 1.831746
0.923797 1.826868
0.922696 1.821991
0.921595 1.817114
0.920494 1.812236
0.919393 1.807359
0.918292 1.802482
0.917191 1.797605
0.916090 1.792727
0.914989 1.787850
0.913888 1.782973
0.912787 1.778095
0.911686 1.773218
0.910585 1.768341
0.909484 1.763464
0.908383 1.758586
0.907282 1.753709
0.906181 1.748832
0.905080 1.743955
0.903979 1.739077
0.902878 1.734200
0.901777 1.729323
0.900676 1.724445
0.899575 1.719568
0.898474 1.714691
0.897373 1.709814
0.896272 1.704936
0.895171 1.700059
0.894070 1.695182
0.892969 1.690305
0.891868 1.685427
0.890767 1.680550
0.889666 1.675673
0.888565 1.670795
0.887464 1.665918
0.886363 1.661041
0.885262 1.656164
0.884161 1.651286
0.883060 1.646409
0.881959 1.641532
0.880858 1.636654
0.879757 1.631777
0.878656 1.626900
0.877555 1.622023
0.876454 1.617145
0.875353 1.612268
0.874252 1.607391
0.873151 1.602514
0.872050 1.597636
0.870949 1.592759
0.869848 1.587882
0.868747 1.583005
0.867646 1.578127
0.866545 1.573250
0.865444 1.568373
0.864343 1.563495
0.863242 1.558618
0.862141 1.553741
0.861040 1.548864
0.859939 1.543986
0.858838 1.539109
0.857737 1.534232
0.856636 1.529355
0.855535 1.524477
0.854434 1.519600
0.853333 1.514723
0.852232 1.509845
0.851131 1.504968
0.850030 1.500091
0.848929 1.495214
0.847828 1.490336
0.846727 1.485459
0.845626 1.480582
0.844525 1.475705
0.843424 1.470827
0.842323 1.465950
0.841222 1.461073
0.840121 1.456195
0.839020 1.451318
0.837919 1.446441
0.836818 1.441564
0.835717 1.436686
0.834616 1.431809
0.833515 1.426932
0.832414 1.422055
0.831313 1.417177
0.830212 1.412300
0.829111 1.407423
0.828010 1.402545
0.826909 1.397668
0.825808 1.392791
0.824707 1.387914
0.823606 1.383036
0.822505 1.378159
0.821404 1.373282
0.820303 1.368405
0.819202 1.363527
0.818101 1.358650
0.817000 1.353773
0.815899 1.348895
0.814798 1.344018
0.813697 1.339141
0.812596 1.334264
0.811495 1.329386
0.810394 1.324509
0.809293 1.319632
0.808192 1.314754
0.807091 1.309877
0.805990 1.305000
0.804889 1.300123
0.803788 1.295245
0.802687 1.290368
0.801586 1.285491
0.800485 1.280614
0.799384 1.275736
0.798283 1.270859
0.797182 1.265982
0.796081 1.261104
0.794980 1.256227
1.003300 1.835100
0.998317 1.835518
0.993335 1.835937
0.988353 1.836355
0.983370 1.836774
0.978388 1.837192
0.973405 1.837611
0.968423 1.838029
0.963440 1.838448
0.958458 1.838866
0.953475 1.839285
0.948493 1.839703
0.943510 1.840122
0.938528 1.840540
0.933546 1.840959
0.876300 1.219200
0.877310 1.224097
0.878320 1.228994
0.879329 1.233891
0.880339 1.238788
0.881349 1.243685
0.882359 1.248582
0.883368 1.253479
0.884378 1.258376
0.885388 1.263273
0.886398 1.268170
0.887407 1.273067
0.888417 1.277964
0.889427 1.282861
0.890437 1.287758
0.891446 1.292655
0.892456 1.297552
0.893466 1.302449
0.894476 1.307346
0.895486 1.312243
0.896495 1.317140
0.897505 1.322037
0.898515 1.326934
0.899525 1.331831
0.900534 1.336727
0.901544 1.341624
0.902554 1.346521
0.903564 1.351418
0.904573 1.356315
0.905583 1.361212
0.906593 1.366109
0.907603 1.371006
0.908613 1.375903
0.909622 1.380800
0.910632 1.385697
0.911642 1.390594
0.912652 1.395491
0.913661 1.400388
0.914671 1.405285
0.915681 1.410182
0.916691 1.415079
0.917700 1.419976
0.918710 1.424873
0.919720 1.429770
0.920730 1.434667
0.921740 1.439564
0.922749 1.444461
0.923759 1.449358
0.924769 1.454255
0.925779 1.459152
0.926788 1.464049
0.927798 1.468946
0.928808 1.473843
0.929818 1.478740
0.930827 1.483637
0.931837 1.488534
0.932847 1.493431
0.933857 1.498328
0.934866 1.503225
0.935876 1.508122
0.936886 1.513019
0.937896 1.517915
0.938906 1.522812
0.939915 1.527709
0.940925 1.532606
0.941935 1.537503
0.942945 1.542400
0.943954 1.547297
0.944964 1.552194
0.945974 1.557091
0.946984 1.561988
0.947993 1.566885
0.949003 1.571782
0.950013 1.576679
0.951023 1.581576
0.952033 1.586473
0.953042 1.591370
0.954052 1.596267
0.955062 1.601164
0.956072 1.606061
0.957081 1.610958
0.958091 1.615855
0.959101 1.620752
0.960111 1.625649
0.961120 1.630546
0.962130 1.635443
0.963140 1.640340
0.964150 1.645237
0.965160 1.650134
0.966169 1.655031
0.967179 1.659928
0.968189 1.664825
0.969199 1.669722
0.970208 1.674619
0.971218 1.679516
0.972228 1.684413
0.973238 1.689310
0.974247 1.694207
0.975257 1.699104
0.976267 1.704001
0.977277 1.708898
0.978287 1.713795
0.979296 1.718691
0.980306 1.723588
0.981316 1.728485
0.982326 1.733382
0.983335 1.738279
0.984345 1.743176
0.985355 1.748073
0.986365 1.752970
0.987374 1.757867
0.988384 1.762764
0.989394 1.767661
0.990404 1.772558
0.991413 1.777455
0.992423 1.782352
0.993433 1.787249
0.994443 1.792146
0.995453 1.797043
0.996462 1.801940
0.997472 1.806837
0.998482 1.811734
0.999492 1.816631
1.000501 1.821528
1.001511 1.826425
0.793800 1.251000
0.798465 1.249202
0.803131 1.247403
0.807796 1.245605
0.812462 1.243807
0.817127 1.242009
0.821792 1.240210
0.826458 1.238412
0.831123 1.236614
0.835789 1.234815
0.840454 1.233017
0.845120 1.231219
0.849785 1.229420
0.854450 1.227622
0.859116 1.225824
0.863781 1.224025
0.868447 1.222227
0.304800 4.146600
0.304800 4.141600
0.304800 4.136600
0.304800 4.131600
0.304800 4.126600
0.304800 4.121600
0.304800 4.116600
0.304800 4.111600
0.304800 4.106600
0.304800 4.101600
0.304800 4.096600
0.304800 4.091600
0.304800 4.086600
0.304800 4.081600
0.304800 4.076600
0.304800 4.071600
0.304800 4.066600
0.304800 4.061600
0.304800 4.056600
0.304800 4.051600
0.304800 4.046600
0.304800 4.041600
0.304800 4.036600
0.304800 4.031600
0.304800 4.026600
0.304800 4.021600
0.304800 4.016600
0.304800 4.011600
0.304800 4.006600
0.304800 4.001600
0.304800 3.996600
0.304800 3.991600
0.304800 3.986600
0.304800 3.981600
0.304800 3.976600
0.304800 3.971600
0.304800 3.966600
0.304800 3.961600
0.304800 3.956600
0.304800 3.951600
0.304800 3.946600
0.304800 3.941600
0.304800 3.936600
0.304800 3.931600
0.304800 3.926600
0.304800 3.921600
0.304800 3.916600
0.304800 3.911600
0.304800 3.906600
0.304800 3.901600
0.304800 3.896600
0.304800 3.891600
0.304800 3.886600
0.304800 3.881600
0.304800 3.876600
0.304800 3.871600
0.304800 3.866600
0.304800 3.861600
0.304800 3.856600
0.304800 3.851600
0.304800 3.846600
0.304800 3.841600
0.304800 3.836600
0.304800 3.831600
0.304800 3.826600
0.304800 3.821600
0.304800 3.816600
0.304800 3.811600
0.304800 3.806600
0.304800 3.801600
0.304800 3.796600
0.304800 3.791600
0.304800 3.786600
0.304800 3.781600
0.304800 3.776600
0.304800 3.771600
0.304800 3.766600
0.304800 3.761600
0.304800 3.756600
0.304800 3.751600
0.304800 3.746600
0.304800 3.741600
0.304800 3.736600
0.304800 3.731600
0.304800 3.726600
0.304800 3.721600
0.304800 3.716600
0.304800 3.711600
0.304800 3.706600
0.304800 3.701600
0.304800 3.696600
0.304800 3.691600
0.304800 3.686600
0.304800 3.681600
0.304800 3.676600
0.304800 3.671600
0.304800 3.666600
0.304800 3.661600
0.304800 3.656600
0.304800 3.651600
0.304800 3.646600
0.304800 3.641600
0.304800 3.636600
0.304800 3.631600
0.304800 3.626600
0.304800 3.621600
0.304800 3.616600
0.304800 3.611600
0.304800 3.606600
0.304800 3.601600
0.304800 3.596600
0.304800 3.591600
0.304800 3.586600
0.304800 3.581600
0.304800 3.576600
0.304800 3.571600
0.304800 3.566600
0.304800 3.561600
0.304800 3.556600
0.304800 3.551600
0.304800 3.546600
0.304800 3.541600
0.304800 3.536600
0.304800 3.531600
0.304800 3.526600
0.304800 3.521600
0.304800 3.516600
0.304800 3.511600
0.304800 3.506600
0.304800 3.501600
0.304800 3.496600
0.304800 3.491600
0.304800 3.486600
0.304800 3.481600
0.304800 3.476600
0.304800 3.471600
0.304800 3.466600
0.304800 3.461600
0.304800 3.456600
0.304800 3.451600
0.304800 3.446600
0.304800 3.441600
0.304800 3.436600
0.304800 3.431600
0.304800 3.426600
0.304800 3.421600
0.304800 3.416600
0.304800 3.411600
0.304800 3.406600
0.304800 3.401600
0.304800 3.396600
0.304800 3.391600
0.304800 3.386600
0.304800 3.381600
0.304800 3.376600
0.304800 3.371600
0.304800 3.366600
0.304800 3.361600
0.304800 3.356600
0.304800 3.351600
0.304800 3.346600
0.304800 3.341600
0.304800 3.336600
0.304800 3.331600
0.304800 3.326600
0.304800 3.321600
0.304800 3.316600
0.304800 3.311600
0.304800 3.306600
0.304800 3.301600
0.304800 3.296600
0.304800 3.291600
0.304800 3.286600
0.304800 3.281600
0.304800 3.276600
0.304800 3.271600
0.304800 3.266600
0.304800 3.261600
0.304800 3.256600
0.304800 3.251600
0.304800 3.246600
0.304800 3.241600
0.304800 3.236600
0.304800 3.231600
0.304800 3.226600
0.304800 3.221600
0.304800 3.216600
0.304800 3.211600
0.304800 3.206600
0.304800 3.201600
0.304800 3.196600
0.304800 3.191600
0.304800 3.186600
0.304800 3.181600
0.304800 3.176600
0.304800 3.171600
0.304800 3.166600
0.304800 3.161600
0.304800 3.156600
0.304800 3.151600
0.304800 3.146600
0.304800 3.141600
0.304800 3.136600
0.304800 3.131600
0.304800 3.126600
0.304800 3.121600
0.304800 3.116600
0.304800 3.111600
0.304800 3.106600
0.304800 3.101600
0.304800 3.096600
0.304800 3.091600
0.304800 3.086600
0.304800 3.081600
0.304800 3.076600
0.304800 3.071600
0.304800 3.066600
0.304800 3.061600
0.304800 3.056600
0.304800 3.051600
0.304800 3.046600
0.304800 3.041600
0.304800 3.036600
0.304800 3.031600
0.304800 3.026600
0.304800 3.021600
0.304800 3.016600
0.304800 3.011600
0.304800 3.006600
0.304800 3.001600
0.304800 2.996600
0.304800 2.991600
0.304800 2.986600
0.304800 2.981600
0.304800 2.976600
0.304800 2.971600
0.304800 2.966600
0.304800 2.961600
0.304800 2.956600
0.304800 2.951600
0.514300 4.146600
0.509300 4.146600
0.504300 4.146600
0.499300 4.146600
0.494300 4.146600
0.489300 4.146600
0.484300 4.146600
0.479300 4.146600
0.474300 4.146600
0.469300 4.146600
0.464300 4.146600
0.459300 4.146600
0.454300 4.146600
0.449300 4.146600
0.444300 4.146600
0.439300 4.146600
0.434300 4.146600
0.429300 4.146600
0.424300 4.146600
0.419300 4.146600
0.414300 4.146600
0.409300 4.146600
0.404300 4.146600
0.399300 4.146600
0.394300 4.146600
0.389300 4.146600
0.384300 4.146600
0.379300 4.146600
0.374300 4.146600
0.369300 4.146600
0.364300 4.146600
0.359300 4.146600
0.354300 4.146600
0.349300 4.146600
0.344300 4.146600
0.339300 4.146600
0.334300 4.146600
0.329300 4.146600
0.324300 4.146600
0.319300 4.146600
0.314300 4.146600
0.514300 2.946400
0.514300 2.951400
0.514300 2.956400
0.514300 2.961400
0.514300 2.966400
0.514300 2.971400
0.514300 2.976400
0.514300 2.981400
0.514300 2.986400
0.514300 2.991400
0.514300 2.996400
0.514300 3.001400
0.514300 3.006400
0.514300 3.011400
0.514300 3.016400
0.514300 3.021400
0.514300 3.026400
0.514300 3.031400
0.514300 3.036400
0.514300 3.041400
0.514300 3.046400
0.514300 3.051400
0.514300 3.056400
0.514300 3.061400
0.514300 3.066400
0.514300 3.071400
0.514300 3.076400
0.514300 3.081400
0.514300 3.086400
0.514300 3.091400
0.514300 3.096400
0.514300 3.101400
0.514300 3.106400
0.514300 3.111400
0.514300 3.116400
0.514300 3.121400
0.514300 3.126400
0.514300 3.131400
0.514300 3.136400
0.514300 3.141400
0.514300 3.146400
0.514300 3.151400
0.514300 3.156400
0.514300 3.161400
0.514300 3.166400
0.514300 3.171400
0.514300 3.176400
0.514300 3.181400
0.514300 3.186400
0.514300 3.191400
0.514300 3.196400
0.514300 3.201400
0.514300 3.206400
0.514300 3.211400
0.514300 3.216400
0.514300 3.221400
0.514300 3.226400
0.514300 3.231400
0.514300 3.236400
0.514300 3.241400
0.514300 3.246400
0.514300 3.251400
0.514300 3.256400
0.514300 3.261400
0.514300 3.266400
0.514300 3.271400
0.514300 3.276400
0.514300 3.281400
0.514300 3.286400
0.514300 3.291400
0.514300 3.296400
0.514300 3.301400
0.514300 3.306400
0.514300 3.311400
0.514300 3.316400
0.514300 3.321400
0.514300 3.326400
0.514300 3.331400
0.514300 3.336400
0.514300 3.341400
0.514300 3.346400
0.514300 3.351400
0.514300 3.356400
0.514300 3.361400
0.514300 3.366400
0.514300 3.371400
0.514300 3.376400
0.514300 3.381400
0.514300 3.386400
0.514300 3.391400
0.514300 3.396400
0.514300 3.401400
0.514300 3.406400
0.514300 3.411400
0.514300 3.416400
0.514300 3.421400
0.514300 3.426400
0.514300 3.431400
0.514300 3.436400
0.514300 3.441400
0.514300 3.446400
0.514300 3.451400
0.514300 3.456400
0.514300 3.461400
0.514300 3.466400
0.514300 3.471400
0.514300 3.476400
0.514300 3.481400
0.514300 3.486400
0.514300 3.491400
0.514300 3.496400
0.514300 3.501400
0.514300 3.506400
0.514300 3.511400
0.514300 3.516400
0.514300 3.521400
0.514300 3.526400
0.514300 3.531400
0.514300 3.536400
0.514300 3.541400
0.514300 3.546400
0.514300 3.551400
0.514300 3.556400
0.514300 3.561400
0.514300 3.566400
0.514300 3.571400
0.514300 3.576400
0.514300 3.581400
0.514300 3.586400
0.514300 3.591400
0.514300 3.596400
0.514300 3.601400
0.514300 3.606400
0.514300 3.611400
0.514300 3.616400
0.514300 3.621400
0.514300 3.626400
0.514300 3.631400
0.514300 3.636400
0.514300 3.641400
0.514300 3.646400
0.514300 3.651400
0.514300 3.656400
0.514300 3.661400
0.514300 3.666400
0.514300 3.671400
0.514300 3.676400
0.514300 3.681400
0.514300 3.686400
0.514300 3.691400
0.514300 3.696400
0.514300 3.701400
0.514300 3.706400
0.514300 3.711400
0.514300 3.716400
0.514300 3.721400
0.514300 3.726400
0.514300 3.731400
0.514300 3.736400
0.514300 3.741400
0.514300 3.746400
0.514300 3.751400
0.514300 3.756400
0.514300 3.761400
0.514300 3.766400
0.514300 3.771400
0.514300 3.776400
0.514300 3.781400
0.514300 3.786400
0.514300 3.791400
0.514300 3.796400
0.514300 3.801400
0.514300 3.806400
0.514300 3.811400
0.514300 3.816400
0.514300 3.821400
0.514300 3.826400
0.514300 3.831400
0.514300 3.836400
0.514300 3.841400
0.514300 3.846400
0.514300 3.851400
0.514300 3.856400
0.514300 3.861400
0.514300 3.866400
0.514300 3.871400
0.514300 3.876400
0.514300 3.881400
0.514300 3.886400
0.514300 3.891400
0.514300 3.896400
0.514300 3.901400
0.514300 3.906400
0.514300 3.911400
0.514300 3.916400
0.514300 3.921400
0.514300 3.926400
0.514300 3.931400
0.514300 3.936400
0.514300 3.941400
0.514300 3.946400
0.514300 3.951400
0.514300 3.956400
0.514300 3.961400
0.514300 3.966400
0.514300 3.971400
0.514300 3.976400
0.514300 3.981400
0.514300 3.986400
0.514300 3.991400
0.514300 3.996400
0.514300 4.001400
0.514300 4.006400
0.514300 4.011400
0.514300 4.016400
0.514300 4.021400
0.514300 4.026400
0.514300 4.031400
0.514300 4.036400
0.514300 4.041400
0.514300 4.046400
0.514300 4.051400
0.514300 4.056400
0.514300 4.061400
0.514300 4.066400
0.514300 4.071400
0.514300 4.076400
0.514300 4.081400
0.514300 4.086400
0.514300 4.091400
0.514300 4.096400
0.514300 4.101400
0.514300 4.106400
0.514300 4.111400
0.514300 4.116400
0.514300 4.121400
0.514300 4.126400
0.514300 4.131400
0.514300 4.136400
0.514300 4.141400
0.304800 2.946400
0.309800 2.946400
0.314800 2.946400
0.319800 2.946400
0.324800 2.946400
0.329800 2.946400
0.334800 2.946400
0.339800 2.946400
0.344800 2.946400
0.349800 2.946400
0.354800 2.946400
0.359800 2.946400
0.364800 2.946400
0.369800 2.946400
0.374800 2.946400
0.379800 2.946400
0.384800 2.946400
0.389800 2.946400
0.394800 2.946400
0.399800 2.946400
0.404800 2.946400
0.409800 2.946400
0.414800 2.946400
0.419800 2.946400
0.424800 2.946400
0.429800 2.946400
0.434800 2.946400
0.439800 2.946400
0.444800 2.946400
0.449800 2.946400
0.454800 2.946400
0.459800 2.946400
0.464800 2.946400
0.469800 2.946400
0.474800 2.946400
0.479800 2.946400
0.484800 2.946400
0.489800 2.946400
0.494800 2.946400
0.499800 2.946400
0.504800 2.946400
1.219200 3.568700
1.219200 3.563700
1.219200 3.558700
1.219200 3.553700
1.219200 3.548700
1.219200 3.543700
1.219200 3.538700
1.219200 3.533700
1.219200 3.528700
1.219200 3.523700
1.219200 3.518700
1.219200 3.513700
1.219200 3.508700
1.219200 3.503700
1.219200 3.498700
1.219200 3.493700
1.219200 3.488700
1.219200 3.483700
1.219200 3.478700
1.219200 3.473700
1.219200 3.468700
1.219200 3.463700
1.219200 3.458700
1.219200 3.453700
1.219200 3.448700
1.219200 3.443700
1.219200 3.438700
1.219200 3.433700
1.219200 3.428700
1.219200 3.423700
1.219200 3.418700
1.219200 3.413700
1.219200 3.408700
1.219200 3.403700
1.219200 3.398700
1.219200 3.393700
1.219200 3.388700
1.219200 3.383700
1.219200 3.378700
1.219200 3.373700
1.219200 3.368700
1.219200 3.363700
1.219200 3.358700
2.438400 3.568700
2.433400 3.568700
2.428400 3.568700
2.423400 3.568700
2.418400 3.568700
2.413400 3.568700
2.408400 3.568700
2.403400 3.568700
2.398400 3.568700
2.393400 3.568700
2.388400 3.568700
2.383400 3.568700
2.378400 3.568700
2.373400 3.568700
2.368400 3.568700
2.363400 3.568700
2.358400 3.568700
2.353400 3.568700
2.348400 3.568700
2.343400 3.568700
2.338400 3.568700
2.333400 3.568700
2.328400 3.568700
2.323400 3.568700
2.318400 3.568700
2.313400 3.568700
2.308400 3.568700
2.303400 3.568700
2.298400 3.568700
2.293400 3.568700
2.288400 3.568700
2.283400 3.568700
2.278400 3.568700
2.273400 3.568700
2.268400 3.568700
2.263400 3.568700
2.258400 3.568700
2.253400 3.568700
2.248400 3.568700
2.243400 3.568700
2.238400 3.568700
2.233400 3.568700
2.228400 3.568700
2.223400 3.568700
2.218400 3.568700
2.213400 3.568700
2.208400 3.568700
2.203400 3.568700
2.198400 3.568700
2.193400 3.568700
2.188400 3.568700
2.183400 3.568700
2.178400 3.568700
2.173400 3.568700
2.168400 3.568700
2.163400 3.568700
2.158400 3.568700
2.153400 3.568700
2.148400 3.568700
2.143400 3.568700
2.138400 3.568700
2.133400 3.568700
2.128400 3.568700
2.123400 3.568700
2.118400 3.568700
2.113400 3.568700
2.108400 3.568700
2.103400 3.568700
2.098400 3.568700
2.093400 3.568700
2.088400 3.568700
2.083400 3.568700
2.078400 3.568700
2.073400 3.568700
2.068400 3.568700
2.063400 3.568700
2.058400 3.568700
2.053400 3.568700
2.048400 3.568700
2.043400 3.568700
2.038400 3.568700
2.033400 3.568700
2.028400 3.568700
2.023400 3.568700
2.018400 3.568700
2.013400 3.568700
2.008400 3.568700
2.003400 3.568700
1.998400 3.568700
1.993400 3.568700
1.988400 3.568700
1.983400 3.568700
1.978400 3.568700
1.973400 3.568700
1.968400 3.568700
1.963400 3.568700
1.958400 3.568700
1.953400 3.568700
1.948400 3.568700
1.943400 3.568700
1.938400 3.568700
1.933400 3.568700
1.928400 3.568700
1.923400 3.568700
1.918400 3.568700
1.913400 3.568700
1.908400 3.568700
1.903400 3.568700
1.898400 3.568700
1.893400 3.568700
1.888400 3.568700
1.883400 3.568700
1.878400 3.568700
1.873400 3.568700
1.868400 3.568700
1.863400 3.568700
1.858400 3.568700
1.853400 3.568700
1.848400 3.568700
1.843400 3.568700
1.838400 3.568700
1.833400 3.568700
1.828400 3.568700
1.823400 3.568700
1.818400 3.568700
1.813400 3.568700
1.808400 3.568700
1.803400 3.568700
1.798400 3.568700
1.793400 3.568700
1.788400 3.568700
1.783400 3.568700
1.778400 3.568700
1.773400 3.568700
1.768400 3.568700
1.763400 3.568700
1.758400 3.568700
1.753400 3.568700
1.748400 3.568700
1.743400 3.568700
1.738400 3.568700
1.733400 3.568700
1.728400 3.568700
1.723400 3.568700
1.718400 3.568700
1.713400 3.568700
1.708400 3.568700
1.703400 3.568700
1.698400 3.568700
1.693400 3.568700
1.688400 3.568700
1.683400 3.568700
1.678400 3.568700
1.673400 3.568700
1.668400 3.568700
1.663400 3.568700
1.658400 3.568700
1.653400 3.568700
1.648400 3.568700
1.643400 3.568700
1.638400 3.568700
1.633400 3.568700
1.628400 3.568700
1.623400 3.568700
1.618400 3.568700
1.613400 3.568700
1.608400 3.568700
1.603400 3.568700
1.598400 3.568700
1.593400 3.568700
1.588400 3.568700
1.583400 3.568700
1.578400 3.568700
1.573400 3.568700
1.568400 3.568700
1.563400 3.568700
1.558400 3.568700
1.553400 3.568700
1.548400 3.568700
1.543400 3.568700
1.538400 3.568700
1.533400 3.568700
1.528400 3.568700
1.523400 3.568700
1.518400 3.568700
1.513400 3.568700
1.508400 3.568700
1.503400 3.568700
1.498400 3.568700
1.493400 3.568700
1.488400 3.568700
1.483400 3.568700
1.478400 3.568700
1.473400 3.568700
1.468400 3.568700
1.463400 3.568700
1.458400 3.568700
1.453400 3.568700
1.448400 3.568700
1.443400 3.568700
1.438400 3.568700
1.433400 3.568700
1.428400 3.568700
1.423400 3.568700
1.418400 3.568700
1.413400 3.568700
1.408400 3.568700
1.403400 3.568700
1.398400 3.568700
1.393400 3.568700
1.388400 3.568700
1.383400 3.568700
1.378400 3.568700
1.373400 3.568700
1.368400 3.568700
1.363400 3.568700
1.358400 3.568700
1.353400 3.568700
1.348400 3.568700
1.343400 3.568700
1.338400 3.568700
1.333400 3.568700
1.328400 3.568700
1.323400 3.568700
1.318400 3.568700
1.313400 3.568700
1.308400 3.568700
1.303400 3.568700
1.298400 3.568700
1.293400 3.568700
1.288400 3.568700
1.283400 3.568700
1.278400 3.568700
1.273400 3.568700
1.268400 3.568700
1.263400 3.568700
1.258400 3.568700
1.253400 3.568700
1.248400 3.568700
1.243400 3.568700
1.238400 3.568700
1.233400 3.568700
1.228400 3.568700
2.438400 3.352800
2.438400 3.357800
2.438400 3.362800
2.438400 3.367800
2.438400 3.372800
2.438400 3.377800
2.438400 3.382800
2.438400 3.387800
2.438400 3.392800
2.438400 3.397800
2.438400 3.402800
2.438400 3.407800
2.438400 3.412800
2.438400 3.417800
2.438400 3.422800
2.438400 3.427800
2.438400 3.432800
2.438400 3.437800
2.438400 3.442800
2.438400 3.447800
2.438400 3.452800
2.438400 3.457800
2.438400 3.462800
2.438400 3.467800
2.438400 3.472800
2.438400 3.477800
2.438400 3.482800
2.438400 3.487800
2.438400 3.492800
2.438400 3.497800
2.438400 3.502800
2.438400 3.507800
2.438400 3.512800
2.438400 3.517800
2.438400 3.522800
2.438400 3.527800
2.438400 3.532800
2.438400 3.537800
2.438400 3.542800
2.438400 3.547800
2.438400 3.552800
2.438400 3.557800
2.438400 3.562800
1.219200 3.352800
1.224200 3.352800
1.229200 3.352800
1.234200 3.352800
1.239200 3.352800
1.244200 3.352800
1.249200 3.352800
1.254200 3.352800
1.259200 3.352800
1.264200 3.352800
1.269200 3.352800
1.274200 3.352800
1.279200 3.352800
1.284200 3.352800
1.289200 3.352800
1.294200 3.352800
1.299200 3.352800
1.304200 3.352800
1.309200 3.352800
1.314200 3.352800
1.319200 3.352800
1.324200 3.352800
1.329200 3.352800
1.334200 3.352800
1.339200 3.352800
1.344200 3.352800
1.349200 3.352800
1.354200 3.352800
1.359200 3.352800
1.364200 3.352800
1.369200 3.352800
1.374200 3.352800
1.379200 3.352800
1.384200 3.352800
1.389200 3.352800
1.394200 3.352800
1.399200 3.352800
1.404200 3.352800
1.409200 3.352800
1.414200 3.352800
1.419200 3.352800
1.424200 3.352800
1.429200 3.352800
1.434200 3.352800
1.439200 3.352800
1.444200 3.352800
1.449200 3.352800
1.454200 3.352800
1.459200 3.352800
1.464200 3.352800
1.469200 3.352800
1.474200 3.352800
1.479200 3.352800
1.484200 3.352800
1.489200 3.352800
1.494200 3.352800
1.499200 3.352800
1.504200 3.352800
1.509200 3.352800
1.514200 3.352800
1.519200 3.352800
1.524200 3.352800
1.529200 3.352800
1.534200 3.352800
1.539200 3.352800
1.544200 3.352800
1.549200 3.352800
1.554200 3.352800
1.559200 3.352800
1.564200 3.352800
1.569200 3.352800
1.574200 3.352800
1.579200 3.352800
1.584200 3.352800
1.589200 3.352800
1.594200 3.352800
1.599200 3.352800
1.604200 3.352800
1.609200 3.352800
1.614200 3.352800
1.619200 3.352800
1.624200 3.352800
1.629200 3.352800
1.634200 3.352800
1.639200 3.352800
1.644200 3.352800
1.649200 3.352800
1.654200 3.352800
1.659200 3.352800
1.664200 3.352800
1.669200 3.352800
1.674200 3.352800
1.679200 3.352800
1.684200 3.352800
1.689200 3.352800
1.694200 3.352800
1.699200 3.352800
1.704200 3.352800
1.709200 3.352800
1.714200 3.352800
1.719200 3.352800
1.724200 3.352800
1.729200 3.352800
1.734200 3.352800
1.739200 3.352800
1.744200 3.352800
1.749200 3.352800
1.754200 3.352800
1.759200 3.352800
1.764200 3.352800
1.769200 3.352800
1.774200 3.352800
1.779200 3.352800
1.784200 3.352800
1.789200 3.352800
1.794200 3.352800
1.799200 3.352800
1.804200 3.352800
1.809200 3.352800
1.814200 3.352800
1.819200 3.352800
1.824200 3.352800
1.829200 3.352800
1.834200 3.352800
1.839200 3.352800
1.844200 3.352800
1.849200 3.352800
1.854200 3.352800
1.859200 3.352800
1.864200 3.352800
1.869200 3.352800
1.874200 3.352800
1.879200 3.352800
1.884200 3.352800
1.889200 3.352800
1.894200 3.352800
1.899200 3.352800
1.904200 3.352800
1.909200 3.352800
1.914200 3.352800
1.919200 3.352800
1.924200 3.352800
1.929200 3.352800
1.934200 3.352800
1.939200 3.352800
1.944200 3.352800
1.949200 3.352800
1.954200 3.352800
1.959200 3.352800
1.964200 3.352800
1.969200 3.352800
1.974200 3.352800
1.979200 3.352800
1.984200 3.352800
1.989200 3.352800
1.994200 3.352800
1.999200 3.352800
2.004200 3.352800
2.009200 3.352800
2.014200 3.352800
2.019200 3.352800
2.024200 3.352800
2.029200 3.352800
2.034200 3.352800
2.039200 3.352800
2.044200 3.352800
2.049200 3.352800
2.054200 3.352800
2.059200 3.352800
2.064200 3.352800
2.069200 3.352800
2.074200 3.352800
2.079200 3.352800
2.084200 3.352800
2.089200 3.352800
2.094200 3.352800
2.099200 3.352800
2.104200 3.352800
2.109200 3.352800
2.114200 3.352800
2.119200 3.352800
2.124200 3.352800
2.129200 3.352800
2.134200 3.352800
2.139200 3.352800
2.144200 3.352800
2.149200 3.352800
2.154200 3.352800
2.159200 3.352800
2.164200 3.352800
2.169200 3.352800
2.174200 3.352800
2.179200 3.352800
2.184200 3.352800
2.189200 3.352800
2.194200 3.352800
2.199200 3.352800
2.204200 3.352800
2.209200 3.352800
2.214200 3.352800
2.219200 3.352800
2.224200 3.352800
2.229200 3.352800
2.234200 3.352800
2.239200 3.352800
2.244200 3.352800
2.249200 3.352800
2.254200 3.352800
2.259200 3.352800
2.264200 3.352800
2.269200 3.352800
2.274200 3.352800
2.279200 3.352800
2.284200 3.352800
2.289200 3.352800
2.294200 3.352800
2.299200 3.352800
2.304200 3.352800
2.309200 3.352800
2.314200 3.352800
2.319200 3.352800
2.324200 3.352800
2.329200 3.352800
2.334200 3.352800
2.339200 3.352800
2.344200 3.352800
2.349200 3.352800
2.354200 3.352800
2.359200 3.352800
2.364200 3.352800
2.369200 3.352800
2.374200 3.352800
2.379200 3.352800
2.384200 3.352800
2.389200 3.352800
2.394200 3.352800
2.399200 3.352800
2.404200 3.352800
2.409200 3.352800
2.414200 3.352800
2.419200 3.352800
2.424200 3.352800
2.429200 3.352800
1.638300 0.762000
1.633300 0.762000
1.628300 0.762000
1.623300 0.762000
1.618300 0.762000
1.613300 0.762000
1.608300 0.762000
1.603300 0.762000
1.598300 0.762000
1.593300 0.762000
1.588300 0.762000
1.583300 0.762000
1.578300 0.762000
1.573300 0.762000
1.568300 0.762000
1.563300 0.762000
1.558300 0.762000
1.553300 0.762000
1.548300 0.762000
1.543300 0.762000
1.538300 0.762000
1.533300 0.762000
1.528300 0.762000
1.523300 0.762000
1.518300 0.762000
1.513300 0.762000
1.508300 0.762000
1.503300 0.762000
1.498300 0.762000
1.493300 0.762000
1.488300 0.762000
1.483300 0.762000
1.478300 0.762000
1.473300 0.762000
1.468300 0.762000
1.463300 0.762000
1.458300 0.762000
1.453300 0.762000
1.448300 0.762000
1.443300 0.762000
1.438300 0.762000
1.433300 0.762000
1.428300 0.762000
1.423300 0.762000
1.418300 0.762000
1.638300 -0.495300
1.638300 -0.490300
1.638300 -0.485300
1.638300 -0.480300
1.638300 -0.475300
1.638300 -0.470300
1.638300 -0.465300
1.638300 -0.460300
1.638300 -0.455300
1.638300 -0.450300
1.638300 -0.445300
1.638300 -0.440300
1.638300 -0.435300
1.638300 -0.430300
1.638300 -0.425300
1.638300 -0.420300
1.638300 -0.415300
1.638300 -0.410300
1.638300 -0.405300
1.638300 -0.400300
1.638300 -0.395300
1.638300 -0.390300
1.638300 -0.385300
1.638300 -0.380300
1.638300 -0.375300
1.638300 -0.370300
1.638300 -0.365300
1.638300 -0.360300
1.638300 -0.355300
1.638300 -0.350300
1.638300 -0.345300
1.638300 -0.340300
1.638300 -0.335300
1.638300 -0.330300
1.638300 -0.325300
1.638300 -0.320300
1.638300 -0.315300
1.638300 -0.310300
1.638300 -0.305300
1.638300 -0.300300
1.638300 -0.295300
1.638300 -0.290300
1.638300 -0.285300
1.638300 -0.280300
1.638300 -0.275300
1.638300 -0.270300
1.638300 -0.265300
1.638300 -0.260300
1.638300 -0.255300
1.638300 -0.250300
1.638300 -0.245300
1.638300 -0.240300
1.638300 -0.235300
1.638300 -0.230300
1.638300 -0.225300
1.638300 -0.220300
1.638300 -0.215300
1.638300 -0.210300
1.638300 -0.205300
1.638300 -0.200300
1.638300 -0.195300
1.638300 -0.190300
1.638300 -0.185300
1.638300 -0.180300
1.638300 -0.175300
1.638300 -0.170300
1.638300 -0.165300
1.638300 -0.160300
1.638300 -0.155300
1.638300 -0.150300
1.638300 -0.145300
1.638300 -0.140300
1.638300 -0.135300
1.638300 -0.130300
1.638300 -0.125300
1.638300 -0.120300
1.638300 -0.115300
1.638300 -0.110300
1.638300 -0.105300
1.638300 -0.100300
1.638300 -0.095300
1.638300 -0.090300
1.638300 -0.085300
1.638300 -0.080300
1.638300 -0.075300
1.638300 -0.070300
1.638300 -0.065300
1.638300 -0.060300
1.638300 -0.055300
1.638300 -0.050300
1.638300 -0.045300
1.638300 -0.040300
1.638300 -0.035300
1.638300 -0.030300
1.638300 -0.025300
1.638300 -0.020300
1.638300 -0.015300
1.638300 -0.010300
1.638300 -0.005300
1.638300 -0.000300
1.638300 0.004700
1.638300 0.009700
1.638300 0.014700
1.638300 0.019700
1.638300 0.024700
1.638300 0.029700
1.638300 0.034700
1.638300 0.039700
1.638300 0.044700
1.638300 0.049700
1.638300 0.054700
1.638300 0.059700
1.638300 0.064700
1.638300 0.069700
1.638300 0.074700
1.638300 0.079700
1.638300 0.084700
1.638300 0.089700
1.638300 0.094700
1.638300 0.099700
1.638300 0.104700
1.638300 0.109700
1.638300 0.114700
1.638300 0.119700
1.638300 0.124700
1.638300 0.129700
1.638300 0.134700
1.638300 0.139700
1.638300 0.144700
1.638300 0.149700
1.638300 0.154700
1.638300 0.159700
1.638300 0.164700
1.638300 0.169700
1.638300 0.174700
1.638300 0.179700
1.638300 0.184700
1.638300 0.189700
1.638300 0.194700
1.638300 0.199700
1.638300 0.204700
1.638300 0.209700
1.638300 0.214700
1.638300 0.219700
1.638300 0.224700
1.638300 0.229700
1.638300 0.234700
1.638300 0.239700
1.638300 0.244700
1.638300 0.249700
1.638300 0.254700
1.638300 0.259700
1.638300 0.264700
1.638300 0.269700
1.638300 0.274700
1.638300 0.279700
1.638300 0.284700
1.638300 0.289700
1.638300 0.294700
1.638300 0.299700
1.638300 0.304700
1.638300 0.309700
1.638300 0.314700
1.638300 0.319700
1.638300 0.324700
1.638300 0.329700
1.638300 0.334700
1.638300 0.339700
1.638300 0.344700
1.638300 0.349700
1.638300 0.354700
1.638300 0.359700
1.638300 0.364700
1.638300 0.369700
1.638300 0.374700
1.638300 0.379700
1.638300 0.384700
1.638300 0.389700
1.638300 0.394700
1.638300 0.399700
1.638300 0.404700
1.638300 0.409700
1.638300 0.414700
1.638300 0.419700
1.638300 0.424700
1.638300 0.429700
1.638300 0.434700
1.638300 0.439700
1.638300 0.444700
1.638300 0.449700
1.638300 0.454700
1.638300 0.459700
1.638300 0.464700
1.638300 0.469700
1.638300 0.474700
1.638300 0.479700
1.638300 0.484700
1.638300 0.489700
1.638300 0.494700
1.638300 0.499700
1.638300 0.504700
1.638300 0.509700
1.638300 0.514700
1.638300 0.519700
1.638300 0.524700
1.638300 0.529700
1.638300 0.534700
1.638300 0.539700
1.638300 0.544700
1.638300 0.549700
1.638300 0.554700
1.638300 0.559700
1.638300 0.564700
1.638300 0.569700
1.638300 0.574700
1.638300 0.579700
1.638300 0.584700
1.638300 0.589700
1.638300 0.594700
1.638300 0.599700
1.638300 0.604700
1.638300 0.609700
1.638300 0.614700
1.638300 0.619700
1.638300 0.624700
1.638300 0.629700
1.638300 0.634700
1.638300 0.639700
1.638300 0.644700
1.638300 0.649700
1.638300 0.654700
1.638300 0.659700
1.638300 0.664700
1.638300 0.669700
1.638300 0.674700
1.638300 0.679700
1.638300 0.684700
1.638300 0.689700
1.638300 0.694700
1.638300 0.699700
1.638300 0.704700
1.638300 0.709700
1.638300 0.714700
1.638300 0.719700
1.638300 0.724700
1.638300 0.729700
1.638300 0.734700
1.638300 0.739700
1.638300 0.744700
1.638300 0.749700
1.638300 0.754700
1.409700 -0.495300
1.414700 -0.495300
1.419700 -0.495300
1.424700 -0.495300
1.429700 -0.495300
1.434700 -0.495300
1.439700 -0.495300
1.444700 -0.495300
1.449700 -0.495300
1.454700 -0.495300
1.459700 -0.495300
1.464700 -0.495300
1.469700 -0.495300
1.474700 -0.495300
1.479700 -0.495300
1.484700 -0.495300
1.489700 -0.495300
1.494700 -0.495300
1.499700 -0.495300
1.504700 -0.495300
1.509700 -0.495300
1.514700 -0.495300
1.519700 -0.495300
1.524700 -0.495300
1.529700 -0.495300
1.534700 -0.495300
1.539700 -0.495300
1.544700 -0.495300
1.549700 -0.495300
1.554700 -0.495300
1.559700 -0.495300
1.564700 -0.495300
1.569700 -0.495300
1.574700 -0.495300
1.579700 -0.495300
1.584700 -0.495300
1.589700 -0.495300
1.594700 -0.495300
1.599700 -0.495300
1.604700 -0.495300
1.609700 -0.495300
1.614700 -0.495300
1.619700 -0.495300
1.624700 -0.495300
1.629700 -0.495300
1.409700 0.762000
1.409700 0.757000
1.409700 0.752000
1.409700 0.747000
1.409700 0.742000
1.409700 0.737000
1.409700 0.732000
1.409700 0.727000
1.409700 0.722000
1.409700 0.717000
1.409700 0.712000
1.409700 0.707000
1.409700 0.702000
1.409700 0.697000
1.409700 0.692000
1.409700 0.687000
1.409700 0.682000
1.409700 0.677000
1.409700 0.672000
1.409700 0.667000
1.409700 0.662000
1.409700 0.657000
1.409700 0.652000
1.409700 0.647000
1.409700 0.642000
1.409700 0.637000
1.409700 0.632000
1.409700 0.627000
1.409700 0.622000
1.409700 0.617000
1.409700 0.612000
1.409700 0.607000
1.409700 0.602000
1.409700 0.597000
1.409700 0.592000
1.409700 0.587000
1.409700 0.582000
1.409700 0.577000
1.409700 0.572000
1.409700 0.567000
1.409700 0.562000
1.409700 0.557000
1.409700 0.552000
1.409700 0.547000
1.409700 0.542000
1.409700 0.537000
1.409700 0.532000
1.409700 0.527000
1.409700 0.522000
1.409700 0.517000
1.409700 0.512000
1.409700 0.507000
1.409700 0.502000
1.409700 0.497000
1.409700 0.492000
1.409700 0.487000
1.409700 0.482000
1.409700 0.477000
1.409700 0.472000
1.409700 0.467000
1.409700 0.462000
1.409700 0.457000
1.409700 0.452000
1.409700 0.447000
1.409700 0.442000
1.409700 0.437000
1.409700 0.432000
1.409700 0.427000
1.409700 0.422000
1.409700 0.417000
1.409700 0.412000
1.409700 0.407000
1.409700 0.402000
1.409700 0.397000
1.409700 0.392000
1.409700 0.387000
1.409700 0.382000
1.409700 0.377000
1.409700 0.372000
1.409700 0.367000
1.409700 0.362000
1.409700 0.357000
1.409700 0.352000
1.409700 0.347000
1.409700 0.342000
1.409700 0.337000
1.409700 0.332000
1.409700 0.327000
1.409700 0.322000
1.409700 0.317000
1.409700 0.312000
1.409700 0.307000
1.409700 0.302000
1.409700 0.297000
1.409700 0.292000
1.409700 0.287000
1.409700 0.282000
1.409700 0.277000
1.409700 0.272000
1.409700 0.267000
1.409700 0.262000
1.409700 0.257000
1.409700 0.252000
1.409700 0.247000
1.409700 0.242000
1.409700 0.237000
1.409700 0.232000
1.409700 0.227000
1.409700 0.222000
1.409700 0.217000
1.409700 0.212000
1.409700 0.207000
1.409700 0.202000
1.409700 0.197000
1.409700 0.192000
1.409700 0.187000
1.409700 0.182000
1.409700 0.177000
1.409700 0.172000
1.409700 0.167000
1.409700 0.162000
1.409700 0.157000
1.409700 0.152000
1.409700 0.147000
1.409700 0.142000
1.409700 0.137000
1.409700 0.132000
1.409700 0.127000
1.409700 0.122000
1.409700 0.117000
1.409700 0.112000
1.409700 0.107000
1.409700 0.102000
1.409700 0.097000
1.409700 0.092000
1.409700 0.087000
1.409700 0.082000
1.409700 0.077000
1.409700 0.072000
1.409700 0.067000
1.409700 0.062000
1.409700 0.057000
1.409700 0.052000
1.409700 0.047000
1.409700 0.042000
1.409700 0.037000
1.409700 0.032000
1.409700 0.027000
1.409700 0.022000
1.409700 0.017000
1.409700 0.012000
1.409700 0.007000
1.409700 0.002000
1.409700 -0.003000
1.409700 -0.008000
1.409700 -0.013000
1.409700 -0.018000
1.409700 -0.023000
1.409700 -0.028000
1.409700 -0.033000
1.409700 -0.038000
1.409700 -0.043000
1.409700 -0.048000
1.409700 -0.053000
1.409700 -0.058000
1.409700 -0.063000
1.409700 -0.068000
1.409700 -0.073000
1.409700 -0.078000
1.409700 -0.083000
1.409700 -0.088000
1.409700 -0.093000
1.409700 -0.098000
1.409700 -0.103000
1.409700 -0.108000
1.409700 -0.113000
1.409700 -0.118000
1.409700 -0.123000
1.409700 -0.128000
1.409700 -0.133000
1.409700 -0.138000
1.409700 -0.143000
1.409700 -0.148000
1.409700 -0.153000
1.409700 -0.158000
1.409700 -0.163000
1.409700 -0.168000
1.409700 -0.173000
1.409700 -0.178000
1.409700 -0.183000
1.409700 -0.188000
1.409700 -0.193000
1.409700 -0.198000
1.409700 -0.203000
1.409700 -0.208000
1.409700 -0.213000
1.409700 -0.218000
1.409700 -0.223000
1.409700 -0.228000
1.409700 -0.233000
1.409700 -0.238000
1.409700 -0.243000
1.409700 -0.248000
1.409700 -0.253000
1.409700 -0.258000
1.409700 -0.263000
1.409700 -0.268000
1.409700 -0.273000
1.409700 -0.278000
1.409700 -0.283000
1.409700 -0.288000
1.409700 -0.293000
1.409700 -0.298000
1.409700 -0.303000
1.409700 -0.308000
1.409700 -0.313000
1.409700 -0.318000
1.409700 -0.323000
1.409700 -0.328000
1.409700 -0.333000
1.409700 -0.338000
1.409700 -0.343000
1.409700 -0.348000
1.409700 -0.353000
1.409700 -0.358000
1.409700 -0.363000
1.409700 -0.368000
1.409700 -0.373000
1.409700 -0.378000
1.409700 -0.383000
1.409700 -0.388000
1.409700 -0.393000
1.409700 -0.398000
1.409700 -0.403000
1.409700 -0.408000
1.409700 -0.413000
1.409700 -0.418000
1.409700 -0.423000
1.409700 -0.428000
1.409700 -0.433000
1.409700 -0.438000
1.409700 -0.443000
1.409700 -0.448000
1.409700 -0.453000
1.409700 -0.458000
1.409700 -0.463000
1.409700 -0.468000
1.409700 -0.473000
1.409700 -0.478000
1.409700 -0.483000
1.409700 -0.488000
